s 3, 1, 2, 4, 2
r 0, 0
s 3, 3, 2, 1, 3
r 0, 0
s 5, 3, 3, 1, 1
r 0, 0
s 5, 2, 3, 1, 1
r 0, 0
s 3, 0, 2, 4, 2
r 0, 0
s 3, 2, 2, 1, 3
r 0, 0
s 5, 2, 3, 1, 0
r 0, 0
s 3, 0, 2, 4, 1
r 0, 0
s 5, 2, 3, 0, 0
r 0, 0
s 3, 0, 2, 3, 1
r 0, 0
s 3, 2, 2, 0, 2
r 0, 0
s 2, 0, 1, 3, 1
r 0, 0
s 2, 2, 1, 0, 2
r 0, 0
s 4, 2, 2, 0, 0
r 0, 0
s 3, 2, 2, 0, 0
r 0, 0
s 2, 0, 1, 2, 1
r 0, 0
s 1, 2, 1, 0, 2
r 0, 0
s 1, 0, 0, 2, 1
r 0, 0
s 1, 1, 1, 0, 2
r 0, 0
s 3, 1, 2, 0, 0
r 0, 0
s 2, 1, 1, 0, 0
r 0, 0
s 1, 0, 0, 2, 0
r 0, 0
s 1, 0, 1, 0, 1
r 0, 0
s 2, 0, 1, 0, 0
r 0, 0
s 1, 0, 0, 1, 0
r 0, 0
